>> A = [16.87 0.1650 0.2019 0.317 0.234 0.182 0.11 ; 0 27.70 0.862 0.062 0.073 0.1
31 0.12 ; 0 0 22.35 13.05 4.42 6.001 3.043 ; 0 0 0 11.28 0 1.11 0.371 ; 0 0 0 0 9.
85 1.1684 2.108 ; 0 0 0 0 0.299 15.98 2.107 ; 0 0 0 0 0 0 4.67]
A =

   16.8700    0.1650    0.2019    0.3170    0.2340    0.1820    0.1100
         0   27.7000    0.8620    0.0620    0.0730    0.1310    0.1200
         0         0   22.3500   13.0500    4.4200    6.0010    3.0430
         0         0         0   11.2800         0    1.1100    0.3710
         0         0         0         0    9.8500    1.1684    2.1080
         0         0         0         0    0.2990   15.9800    2.1070
         0         0         0         0         0         0    4.6700

>> h = [17.1 65.1 186 82.7 84.2 63.7 119.7]'
h =

    17.100
    65.100
   186.000
    82.700
    84.200
    63.700
   119.700

>> x1 = gauss_v(A,h)
Elapsed time is 0.000781059 seconds.
x1 =

    0.6525
    2.2038
    0.3348
    6.4344
    2.9975
    0.5505
   25.6317

>> sum(x1)
ans = 38.805